	C6orf223	CLVS2	FCRL1	KCNQ5	KRT7	NRG1	cg18949415	cg03469655	cg09340639	cg17969913	cg22394948	cg22193385	cg20127899
1	11.44478183	0.003934762	0.482340769	0.05074257	1.148262051	0.107710971	0.2803264	0.236819557	0.1363514	0.5336587	0.4479922	0.08120475	0.3764858
2	4.28403646	0	0.133611692	0.00289389	0.54592928	0.027074021	0.180035	0.372562215	0.05068942	0.7801224	0.161188	0.04245445	0.1380965
3	5.693218254	0	0.008509273	0.008846496	1.448000451	0.100499257	0.1167376	0.190202467	0.06528194	0.1564945	0.2080192	0.03255763	0.06372035
4	32.74421607	0	0	0.005455829	1.210866145	0.020052387	0.1394248	0.216620392	0.04750224	0.419257	0.2938277	0.03568834	0.113314
5	21.19929811	0	0.023144859	0	0.689793711	0.094467823	0.1120432	0.196490615	0.05238865	0.4224352	0.2874699	0.03762228	0.1756232
6	3.033382282	0	0.175738478	0.656069918	59.018891	0.310780456	0.36816	0.532871262	0.1429375	0.6073424	0.5694987	0.08006771	0.2250857
7	2.006223683	0.003297493	0.024060802	0	0.282210337	1.330591225	0.4967165	0.334159183	0.07635545	0.243904	0.3682588	0.07361367	0.3678438
8	3.05376692	0	0.075366892	0	0.563558661	0.107629498	0.1133345	0.267878947	0.05014025	0.5789383	0.2507847	0.04091778	0.2576091
9	8.655174582	0	0.029606814	0.005130023	1.413707897	0.116557665	0.122092	0.588441078	0.06278073	0.6117898	0.4340633	0.08813878	0.2197528
10	0.049121986	0.024368331	0.044452078	0.113223612	0.226501421	0.466326944	0.4740483	0.757664201	0.3302884	0.8551432	0.7097138	0.2256045	0.5928536
11	13.85058948	0	0.309642332	0.101656893	1.347436081	0.350986098	0.256283	0.235588454	0.08144209	0.4253443	0.3560101	0.03955433	0.07460128
12	4.211265755	0.015933233	0.086364542	0.048346943	0.568440644	0.235387715	0.2457278	0.438200018	0.2053301	0.5175159	0.4150889	0.07343106	0.4495008
13	1.117127219	0.14828116	0.048087226	0.156227902	0.277385637	0.434304742	0.4775584	0.739014345	0.4183344	0.78672	0.589549	0.1318135	0.7531777
14	15.0087008	0	0.046484275	0	0.33070501	0.067818292	0.09977245	0.09133229	0.04669303	0.09910239	0.1512601	0.2007323	0.1988089
15	5.180154616	0.057105781	0.354181013	0.11371415	0.23034415	0.879314285	0.202653	0.193377315	0.110146	0.322416	0.305493	0.1157781	0.2434795
16	9.166592525	0	0	0	6.588271561	0.439866705	0.2079656	0.170585323	0.06301744	0.3537187	0.3186492	0.04779607	0.2949791
17	0.277457199	0.038964373	0.254526212	0.084450995	0.150985641	0.522962982	0.3571179	0.665629977	0.2068253	0.7722689	0.6949741	0.1992799	0.5514536
18	15.53642215	0	0.011584534	0.024087262	1.280794384	0.824942996	0.1998612	0.22529038	0.08880061	0.4447643	0.2693819	0.1233604	0.2803831
19	0.199925235	0.042782877	0.085847757	0.150102128	0.075030745	0.169436816	0.2942648	0.827411466	0.3785506	0.8715189	0.6773223	0.1611608	0.7202411
20	10.31707477	0.006852337	0.039999537	0.031188542	1.518990466	0.156314397	0.1349807	0.247454499	0.08496815	0.6453966	0.3511927	0.0692279	0.2812699
21	21.05675418	0	0	0.059997517	2.796326966	0.088206095	0.2358339	0.374056654	0.09155225	0.4788284	0.4225322	0.03411109	0.09267153
22	0.11432326	0.012476913	0.67369782	0.125408841	0.288835357	0.972456176	0.4227288	0.719036601	0.3810205	0.8560149	0.7804174	0.2405353	0.5845891
23	5.775856284	0	0.120369957	0.003680595	2.334889307	0.172170492	0.1774561	0.150872321	0.1138156	0.2906933	0.3435941	0.04766674	0.1635363
24	8.806410007	0.008117452	0.059230585	0.01231558	4.863029271	0.144024228	0.1688861	0.199691676	0.1295992	0.2956305	0.3227056	0.05366508	0.1549174
25	2.291130224	0.032057358	0.093565121	0.261421505	0.427278054	0.767851609	0.2195484	0.307439979	0.1748821	0.6064038	0.4609622	0.03807076	0.2699462
26	0.041213452	0.012298995	0.16409971	0.047982094	0.083812684	0.333112507	0.3743236	0.70299211	0.4401762	0.8467295	0.7286887	0.2793668	0.6304179
27	4.202565967	0.026683777	0.133510916	0.057834154	0.919892276	0.115944	0.2998105	0.51572016	0.236306	0.6335462	0.5348118	0.080758	0.3566485
28	1.020843873	0.026781725	0.08250987	0.101581279	0.112724693	0.449531433	0.4326978	0.795330038	0.3846606	0.8572646	0.7391889	0.1420766	0.5126765
29	7.766257368	0	0.232662247	0.016492001	4.529538308	0.229601515	0.2054071	0.181789244	0.06967929	0.5844666	0.5573449	0.03957907	0.3976136
30	0.325702351	0.018279307	0.065663287	0.098131701	0.074965118	0.57308651	0.3184176	0.734077637	0.2492065	0.8856115	0.6594536	0.2869418	0.6201988
31	3.059649036	0.011383682	0.249189806	0.040299035	0.479140917	0.136573866	0.2383771	0.326364917	0.06642431	0.3160235	0.4164156	0.02532125	0.1511094
32	1.20927118	0.022912568	0	0.097334527	0.462908889	0.185840992	0.1782828	0.257072959	0.06398929	0.2496629	0.4306997	0.03576286	0.1261678
33	8.761875842	0.010571706	0.020570274	0.106927381	0.405412305	0.192928032	0.1845478	0.319553308	0.2998447	0.2617318	0.3787736	0.05783633	0.3483444
34	3.767010419	0.152428235	0.495733476	0.211437724	0.219967813	0.94490666	0.1890101	0.39350264	0.344328	0.3916861	0.529671	0.1289124	0.4514118
35	21.10607	0.002108465	0.012307864	0.00959672	2.4020482	0.489530405	0.3129811	0.373200741	0.07313048	0.7465707	0.4332973	0.3684394	0.2763383
36	15.03719005	0.00710809	0.134850495	0.016176304	3.051642193	0.212594831	0.1351349	0.148922806	0.08315462	0.6560038	0.2934932	0.04734763	0.3084141
37	8.344740937	0	0.006404448	0.019974772	0.184716616	0.540604289	0.1492012	0.705315286	0.09452988	0.3210346	0.2673425	0.1574488	0.2158926
38	10.58449436	0.004227025	0.006168664	0.003206564	0.231290973	0.164995958	0.1249135	0.674957907	0.06192812	0.168976	0.1879242	0.124065	0.1735064
39	1.215404859	0.356800424	0.474749379	0.804031276	0.662549328	1.329946641	0.2603588	0.577290661	0.144024	0.37717	0.403348	0.0813509	0.3124809
40	3.67119734	0.015176665	1.557735873	0.124722149	2.665166215	0.323127118	0.3950116	0.427334115	0.1954623	0.7248432	0.601672	0.1454894	0.269333
41	23.00940942	0.007211064	0.06840203	0.008205324	1.810971677	0.148047867	0.1452622	0.137929093	0.06909009	0.1761678	0.2208384	0.05083638	0.1476481
42	15.41396763	0.008727706	0.080665667	0.026482881	1.400013557	0.290531249	0.08815296	0.14486679	0.05559785	0.1160578	0.1470569	0.03877138	0.1673602
43	4.385699717	0.020396706	0	0	0.184418626	0.098801547	0.09929673	0.176338302	0.1140001	0.08073608	0.1193943	0.1256342	0.2441044
44	18.34829167	0	0.02138058	0.016670921	0.760543745	0.03899153	0.1697419	0.284815716	0.05186297	0.2958105	0.2383583	0.2044312	0.1837397
45	11.90666216	0	0.020612517	0.005357348	54.0305658	0.41528908	0.2436844	0.387211706	0.1396683	0.7552589	0.3737082	0.04707658	0.5693732
46	2.114877075	0	0	0.325089745	7.909443566	0.385529935	0.2138989	0.326693308	0.1521375	0.757355	0.4665235	0.04231614	0.429652
47	12.8230264	0.007249629	0	0.016498412	0.503477696	0.020212788	0.1213156	0.091643504	0.06251357	0.1980212	0.21506	0.2738591	0.2204971
48	5.957430053	0.014538838	0.217475251	0.033086901	1.336073243	0.690953383	0.3086255	0.426288445	0.2142466	0.646164	0.5489725	0.08430735	0.2523982
49	9.811875071	0	0.113967238	0	2.766587417	0.077198014	0.1768959	0.247469165	0.06799473	0.5504879	0.3503408	0.03831611	0.4887114
50	6.636009415	0	0.234718674	0.023240057	1.235745905	0.520265038	0.1931517	0.598411862	0.06588328	0.8458722	0.4622402	0.04790467	0.1615949
51	17.45233052	0	0	0.015650756	1.111528666	0.010458706	0.2397762	0.278573583	0.04564215	0.2044134	0.2339863	0.06046186	0.1012706
52	13.09005411	0.033165237	0.005377704	0.022363291	0.589392637	0.153180052	0.1558536	0.499454337	0.06674092	0.3413764	0.2434841	0.04920055	0.4523307
53	0.093178994	0.014954836	0.5837968	0.07941176	0.27800768	0.477606215	0.5214501	0.836558821	0.4406168	0.879384	0.7748127	0.212593	0.5896261
54	14.36572102	0.001909384	0.05572879	0.023174931	0.675076746	0.834350206	0.2226943	0.19020537	0.0550209	0.3330614	0.2987573	0.1091731	0.2313555
55	11.70498497	0.005766047	0.08414619	0.026244274	0.539319584	0.500804034	0.2402963	0.457982879	0.09654537	0.415043	0.3687319	0.08015103	0.1323468
56	11.36277415	0.001909022	0.016715464	0.002896317	0.353544511	0.247741429	0.1466937	0.867553938	0.1026816	0.3633317	0.5012961	0.2979437	0.5695949
57	13.68094526	0	0.224980718	0.036546364	0.784072642	0.095247026	0.279228	0.292482619	0.1407524	0.6326965	0.3729351	0.1200172	0.1917766
58	10.3326353	0.011584424	0.006762242	0.087877883	1.748823553	0.10335581	0.2195135	0.378747539	0.09376546	0.4526917	0.378529	0.3671298	0.2828082
59	7.178361392	0.004421139	0.032259707	0.026830531	0.638896686	0.495306684	0.2205451	0.757488842	0.1878893	0.4984392	0.3870512	0.08608214	0.5374613
60	4.191554648	0.004049701	0.370352995	0.051200815	2.143914348	1.953005548	0.3062489	0.811191976	0.1705007	0.6659459	0.5280874	0.131312	0.3202818
61	23.50679158	0	0.010001822	0.007798647	0.139428044	0.404759046	0.1247014	0.105581247	0.04074103	0.6061916	0.1441266	0.3274172	0.2114988
62	20.75324409	0	0.021779981	0.008491172	0.266975046	0.425570501	0.08599203	0.141554824	0.04778077	0.3709445	0.09006898	0.2933211	0.1754439
63	10.06208004	0.027128127	0.118767424	0.066881853	0.076121804	1.880593423	0.1286634	0.117951034	0.06419643	0.3934782	0.2007305	0.2295688	0.2249877
64	1.334931363	0.067146065	0.454094854	0.255922846	0.60200107	0.195927988	0.3922638	0.643049424	0.2283714	0.5960344	0.6270759	0.3167982	0.3505816
65	7.673345551	0.001884105	0.005499097	0.002858513	0.518108137	0.229226112	0.113227	0.12375481	0.0632193	0.2502285	0.1788227	0.03703818	0.190935
66	14.8815557	0	0.011850786	0.006160217	2.38689973	0.463117481	0.1520667	0.673050924	0.2640435	0.2321502	0.5339591	0.02892419	0.599291
67	5.306050262	0.020229797	0.101985563	0.027901911	3.271729169	0.078311561	0.3159829	0.761318713	0.1452977	0.6269361	0.5787444	0.07042647	0.3272705
68	9.341446935	0	0.121287601	0.067717278	0.414597678	0.003120859	0.197243	0.261237832	0.05285972	0.5645259	0.4768106	0.05923497	0.1401777
69	24.052693	0	0.011442135	0.014869486	1.397055918	0.001987324	0.217156	0.27511326	0.04361864	0.4374556	0.4128757	0.05723894	0.1028993
70	4.47412627	0.016407706	0.5148048	0.074679987	0.356811479	0.091493093	0.143552	0.314646487	0.04356404	0.3167975	0.5662066	0.04398394	0.1559412
71	3.93000199	0	0.021946843	0.24813052	14.04708576	0.141037724	0.293299	0.418093111	0.08543167	0.8456676	0.8847578	0.04389457	0.1873708
72	3.233828436	0	0.054050975	0.430813163	7.280799966	0.214876906	0.2812346	0.444299465	0.08937293	0.5920672	0.8431391	0.04808999	0.1885685
73	1.193791939	0.025020205	0.112858264	1.045624936	1.857293022	0.558073381	0.3466775	0.627294388	0.09777563	0.6665714	0.6211697	0.04115818	0.2399326
74	12.6828355	0.00486926	0.104219902	0.078800109	2.523136451	0.342281016	0.2599844	0.388727703	0.1362329	0.5591292	0.3248777	0.1168363	0.1464198
75	6.41713283	0.011259606	3.787480378	1.056996445	5.177560165	0.781972581	0.4435862	0.689891073	0.2461896	0.8159486	0.7682508	0.1701626	0.5076922
76	10.87038564	0.004824182	0.042240706	0.142722808	1.631172734	0.237215547	0.3653197	0.380060785	0.08894023	0.5611469	0.5556425	0.05791561	0.1596713
77	3.939370561	0.012595653	0.159304867	0.03821957	0.718651802	0.119188737	0.1972765	0.23669671	0.07757304	0.2400706	0.2868732	0.05185867	0.2852831
78	33.41644009	0.010112507	0	0	0.624267569	0.025631652	0.1250418	0.840756379	0.06693569	0.1964904	0.2345887	0.0760485	0.2378108
79	25.82520464	0	0.217610651	0.082952682	0.543946877	0.045354762	0.2023587	0.216142133	0.07957822	0.3240729	0.230993	0.04324482	0.5472055
80	35.36891509	0	0.0245774	0.006387851	0.68523089	0.1920923	0.05814469	0.631445519	0.04549569	0.1685918	0.1015265	0.321986	0.1389051
81	9.596333881	0	5.497937785	0.148152569	1.290489529	0.237928467	0.3416402	0.367567535	0.1375841	0.7102966	0.5909487	0.0793582	0.2293955
82	9.52970655	0	0.011769373	0	0.55443724	0.139002859	0.131264	0.10765318	0.06856882	0.1872458	0.2768367	0.04034443	0.1233905
83	12.00151492	0	0	0.010579269	0.401110154	0.243903142	0.1270615	0.188682892	0.08636975	0.2748181	0.3835845	0.1892766	0.2976057
84	10.83739404	0	0.02805675	0.00729216	0.472039559	0.389842194	0.2436392	0.279667556	0.07703091	0.3464996	0.3976963	0.0888166	0.2501794
85	2.983996576	0	0.069656373	0.00775895	0.660107858	0.257519778	0.3368795	0.222818335	0.07410398	0.3281982	0.3021397	0.08924164	0.2059004
86	1.463039561	0	0.069349863	0.021629462	1.36012483	0.081906058	0.06716938	0.105118314	0.05871245	0.1453344	0.1010256	0.03261587	0.09274519
87	12.56320103	0	0.073275778	0.012696618	1.502872539	0.288475939	0.1497446	0.338711184	0.1054242	0.3199462	0.3323404	0.1592773	0.2219143
88	11.38919939	0.003738524	0	0	0.744813988	0.545808723	0.1282201	0.184530535	0.05061577	0.8231721	0.1654814	0.04704888	0.1539247
89	12.55517155	0	0.031140548	0.005395775	0.518933055	0.068509389	0.1498728	0.346544042	0.07313678	0.7100607	0.2879251	0.3991578	0.1185828
90	3.039851581	0.00497641	0.082305739	0.005033384	1.326566573	0.770261466	0.2664686	0.657494202	0.1147551	0.4074062	0.342516	0.05204892	0.245351
91	15.90703075	0.002076215	0	0.012599909	3.751866745	0.408368065	0.1328142	0.233918077	0.0607937	0.205821	0.5446546	0.02630391	0.1385058
92	0.165216624	0.052461666	0.476369411	0.076645522	0.201729446	0.281703416	0.526154	0.862231377	0.5101251	0.8645909	0.8097435	0.1840869	0.5902261
93	5.257645774	0.008141379	0.059405171	0.009263911	3.77510209	0.142385196	0.1716499	0.271422012	0.06895314	0.5541726	0.2389444	0.04682594	0.1967461
94	0.085906273	0.021973979	0.327801018	0.077789435	0.13702047	0.455472106	0.4692662	0.834907449	0.4733697	0.8499384	0.7102287	0.1880436	0.6776259
95	1.106893363	0.003973789	0.191370485	0.027130162	1.148500609	0.406915172	0.2192803	0.263755684	0.08126772	0.2904948	0.3276969	0.03803839	0.09651028
96	9.525946866	0	0.013052129	0.003392347	2.653962211	0.310572815	0.1427348	0.258632206	0.07273212	0.4198611	0.2334931	0.04382138	0.1079358
97	0.066451696	0.070257119	0.284435212	0.213184414	0.267095879	0.732988369	0.4772081	0.760382497	0.5121886	0.8529233	0.7989608	0.2659466	0.6166471
98	5.195695199	0.0052817	0.077077919	0.036059637	0.859589222	0.717556777	0.1999172	0.794573668	0.06688539	0.2491247	0.2497181	0.04897948	0.1709664
99	0.221426983	0.009850234	0.541452033	0.094648557	0.930541844	0.85220289	0.4170661	0.673845972	0.3946174	0.8840321	0.7991698	0.1410782	0.6999464
100	7.310492581	0.001747211	0.010199092	0.002650821	0.647155171	0.306456687	0.1520889	0.16415632	0.07523955	0.5747911	0.230525	0.04761674	0.165319
101	0.152022693	0.015953194	0.343396545	0.081687674	0.089529649	0.968435987	0.4657217	0.801931515	0.4889448	0.8796494	0.8318584	0.2658584	0.6833132
102	10.03057345	0.003405637	0.44232824	0.036168588	3.124894797	0.347010179	0.2710527	0.383452728	0.1371686	0.4793248	0.3718098	0.08383429	0.2270002
103	0.058095221	0.017612072	0.147786434	0.040080842	0.197678621	0.41069182	0.3946264	0.698406725	0.3547115	0.8892153	0.7929417	0.3341314	0.5541166
104	15.21491629	0.004265599	0.448196839	0.035594085	75.61614477	0.045409538	0.3817945	0.501191025	0.2062563	0.4011566	0.3789792	0.07194181	0.2082809
105	23.70364152	0.006656411	0.126281503	0.005049464	0.765796249	0.151844967	0.319478	0.403543728	0.141815	0.458577	0.4692596	0.06146723	0.3040791
106	35.7687069	0	0.004440091	0.002308026	2.309362548	0.160404555	0.2001419	0.540056771	0.08904991	0.3822536	0.3194303	0.04445584	0.1817337
107	7.543780273	0.001958016	0	0.002970649	6.691951431	0.061539745	0.08924175	0.613705625	0.07194626	0.7582983	0.2143724	0.03739929	0.5498971
108	23.52425626	0.00752865	0.102543972	0.019037107	1.10556618	0.170470172	0.2110703	0.165368955	0.07363064	0.5433015	0.3438411	0.1116786	0.3152908
109	9.970327563	0	0.04069891	0.006044545	3.001663597	0.018176855	0.2567005	0.324674117	0.1053828	0.5895663	0.403949	0.06931251	0.3680019
110	7.79696285	0.012018901	0.188551282	0.059262946	1.079205105	0.166027117	0.2273124	0.448279737	0.08654774	0.7699578	0.563447	0.06273224	0.3390236
111	8.539620997	0.004369795	0.044639089	0.062982477	4.211889909	0.093037508	0.1863137	0.355576355	0.1270883	0.3650981	0.2902038	0.04412167	0.1922004
112	8.945067666	0	0.01287347	0.002230608	0.808599424	0.855613745	0.2518955	0.381695447	0.117185	0.6852398	0.4785699	0.07083912	0.251784
113	6.942928444	0	0.059069822	0.618494144	2.279695985	0.05276326	0.2686298	0.32553038	0.08125015	0.5838668	0.5774899	0.06758672	0.1215868
114	20.22365593	0.004612069	0.154803197	0.017493268	0.485306765	0.063125866	0.1280711	0.090685492	0.06452094	0.176614	0.1526316	0.1327023	0.1300617
115	14.27312408	0	0.016343367	0.011327371	4.855154061	0.035955504	0.1888333	0.361195867	0.1555277	0.569211	0.4756562	0.04330608	0.3102122
116	3.029826486	0	0	0.002375371	0.637020856	0.09524132	0.261859	0.861190091	0.06076703	0.8393839	0.1830873	0.02884851	0.2247716
117	0.346842736	0.007279504	0	0.013805335	1.537083883	0.014760789	0.2425517	0.274000083	0.08503133	0.4309951	0.3722315	0.0826213	0.2485369
118	4.183965503	0	0.036587057	3.017602507	3.921979652	0.112264796	0.2546076	0.325908908	0.08130535	0.8405652	0.4727327	0.04079819	0.113676
119	9.609032547	0.002095393	0.122315571	0.006358148	0.246947158	0.376024821	0.1663863	0.171117249	0.06307009	0.3637674	0.2895809	0.1034322	0.1689945
120	8.923332321	0.006850499	0.439876891	0.033778525	39.47354809	0.163217914	0.277951	0.407763495	0.09935026	0.7023704	0.633175	0.0520701	0.3958065
121	10.87637285	0.0015024	0.087700451	0.011397004	0.261376485	0.188879582	0.2130228	0.216690816	0.08676595	0.6876584	0.3827069	0.03867838	0.2290407
122	0.617192603	0	2.110539442	0.330629919	15.35003356	0.120515624	0.4719303	0.220675498	0.1156835	0.6272207	0.4963788	0.1173622	0.2668849
123	8.712397799	0.001710647	0.069899609	0.005190696	1.675232663	0.988582834	0.1014547	0.172213542	0.07611513	0.5387919	0.2196172	0.06115792	0.152654
124	28.40814446	0	0.005502665	0	5.51243899	0.147182205	0.1832766	0.574081227	0.05952278	0.3625031	0.3198166	0.02941042	0.1274221
125	12.51942765	0.001716156	0.01502672	0.01041482	1.382062942	0.066117744	0.1555153	0.195215075	0.06162744	0.2350195	0.2375938	0.03347794	0.1204732
126	9.037977444	0	0.358546597	0.0085691	0.483380554	0.201853815	0.1946703	0.832560515	0.1593925	0.2589332	0.4822686	0.2002197	0.5465753
127	7.697074655	0	0.008806742	0.002288939	2.294497369	0.123897288	0.09070109	0.092399112	0.05571729	0.08553841	0.238301	0.02675957	0.06328871
128	15.52941576	0	0.06323621	0.014941425	8.936884844	0.147773434	0.2001897	0.242893238	0.07961293	0.3101989	0.278988	0.1709112	0.6620118
129	8.671683752	0	0	0	3.561716409	0.163008475	0.1822455	0.188162617	0.0682948	0.2804404	0.3154102	0.08022365	0.2415816
130	5.543355272	0	0	0	5.047318715	0.049288717	0.2005512	0.502378876	0.04289731	0.5185904	0.485412	0.03857541	0.2490459
131	6.825244152	0	0	0.056733102	2.505151776	0.009478054	0.1945617	0.188561309	0.07700371	0.6531226	0.3109603	0.03802895	0.1272152
132	0.461032941	0.966482937	5.421422459	0.553449035	5.718061021	0.442114094	0.3838072	0.681150715	0.1723543	0.8271672	0.7813443	0.1730787	0.3836608
133	2.48874623	0	0	0.005299465	0.950731542	0.01416559	0.08766096	0.712245034	0.04982093	0.1601971	0.1658833	0.03493178	0.1777571
134	6.642312036	0	0	0.020488702	4.386211522	0.041075072	0.1810222	0.758813897	0.0815367	0.513171	0.3214689	0.06259278	0.09943312
135	6.996071799	0.009120929	0.015972636	0.011070423	3.429518449	0.02959149	0.2941908	0.341292618	0.1548328	0.452717	0.4959902	0.04416578	0.2274873
136	7.731716214	0.001533098	0.004474621	0.002325976	1.251849944	0.222271524	0.1115332	0.443394949	0.04733036	0.1753268	0.1785889	0.08465379	0.2061844
137	6.360620111	0	0.080436791	0.005973179	1.844914131	0.383194638	0.1969178	0.264077105	0.111151	0.3303013	0.3402849	0.1441649	0.1091259
138	8.162677372	0.013781733	0.0114927	0.023896313	1.684980535	0.131742982	0.303288	0.396823615	0.2014886	0.6250168	0.4621311	0.04996106	0.5474914
139	1.336905597	0	0.124761576	0	1.48599108	0.158907275	0.2016229	0.130001098	0.05703601	0.5045253	0.2371099	0.03895951	0.1392351
140	2.200694601	0	0.019676298	0.013637382	11.6085754	0.013669886	0.1800625	0.607174663	0.05134633	0.3418947	0.2147897	0.02616509	0.2387446
141	0.229045686	0.152909567	1.018714268	0.189122506	0.438393332	0.395997508	0.3801542	0.74274241	0.4232408	0.8697935	0.6664943	0.2830392	0.6172581
142	1.636353292	0.00410356	0.083838798	0.00622581	0.690877809	0.008320865	0.09308002	0.101379904	0.04680793	0.2570619	0.2159629	0.03064551	0.06938836
143	1.468572173	0.061750079	0.055069859	0.111902191	0.534253344	0.490412897	0.3803356	0.822420209	0.4585841	0.9090131	0.7251408	0.2389418	0.7302331
144	17.07868351	0.006782819	0.306851446	0.038590162	2.117383318	0.091117931	0.2235916	0.37714833	0.1054197	0.5605626	0.3705784	0.06152397	0.2927517
145	0.173363073	0.032847828	0.364314556	0.139540352	0.178197931	2.00928593	0.4732656	0.764253171	0.529837	0.9058928	0.7996123	0.3190782	0.7103323
146	9.622024678	0.018394763	0.692580344	0.055816076	1.522668836	0.04662426	0.3506235	0.374124098	0.09864007	0.5898274	0.4915634	0.07192541	0.2155482
147	0.420671725	0.060102961	1.126091069	0.164724168	0.174089833	0.326302215	0.5239643	0.711703542	0.4179631	0.881868	0.7185551	0.1798623	0.6190857
148	8.004863918	0.009197374	0.071584476	0.020931012	0.176354164	0.170955489	0.1579791	0.210595932	0.1048959	0.2737228	0.235227	0.07887231	0.1871973
149	5.854521203	0.010064038	0.258488498	0.015268888	0.81895406	0.391815192	0.3366815	0.619695441	0.2036789	0.6199061	0.6230773	0.05964781	0.3747797
150	4.703916636	0	0.060030761	0.002600408	2.015160388	0.165085034	0.2046201	0.774836754	0.1990182	0.766458	0.4630557	0.05229127	0.3313122
151	7.573791649	0.05157168	0.039266389	0.03061689	303.6595999	0.081839639	0.2816613	0.65211014	0.3406997	0.5947163	0.6897482	0.04920779	0.2188949
152	16.75958641	0.001648664	0	0.002501308	0.855840848	0.065189011	0.1148797	0.106362655	0.05219286	0.1619498	0.09492545	0.06547658	0.1243943
153	9.899952307	0.004495891	0.026244119	0.084126211	42.64464665	0.004558201	0.2671345	0.786950948	0.09039393	0.6430194	0.3039275	0.05443928	0.2328463
154	13.41604631	0.002058295	0.006007502	0	3.534665615	0.045910085	0.3336635	0.613463393	0.1975189	0.7240673	0.5986063	0.05547182	0.2271177
155	3.869679616	0	0.021519432	0	0.134476737	0.134553443	0.150461	0.260799769	0.08304639	0.2679359	0.2484421	0.228835	0.06932977
156	12.49097012	0	0.007970405	0.041431367	1.616835564	0.149508424	0.1191983	0.111216298	0.04533674	0.3725276	0.1894921	0.02680682	0.1774117
157	11.80785843	0.008400317	0.004903565	0.007646841	0.532713097	0.161818079	0.1461614	0.221453511	0.08038203	0.2715854	0.3009747	0.1478702	0.3213088
158	24.66000518	0.001590766	0.009285872	0.004826936	0.17854828	0.045158782	0.1029017	0.124424509	0.03993803	0.16965	0.631807	0.3424952	0.06522558
159	11.43059346	0.026436106	0	0.034760395	0.558822555	0.12686515	0.1072572	0.126093391	0.05547025	0.7128726	0.1201346	0.0443281	0.1024672
160	6.746717498	0.009430295	0.528460782	0.060091035	1.55593644	0.141502706	0.3535116	0.430676796	0.2141765	0.5778243	0.5369283	0.08868397	0.243987
161	10.80114262	0.006818636	0.114433085	0.093105455	2.004198735	0.019011131	0.2806383	0.430478698	0.1124197	0.8441083	0.5107749	0.09126638	0.2534439
162	19.66879182	0.060698029	0.045718202	0.086148162	0.840608124	0.097271752	0.1640884	0.17104757	0.106006	0.3605743	0.2590687	0.0675401	0.3537254
163	12.00744921	0.003628873	0.142985434	0.057809097	0.386940883	0.342162551	0.2755805	0.32183629	0.1327234	0.4586986	0.382117	0.08271226	0.3005325
164	5.952867691	0.001357117	0.043570862	0.006176943	0.910131958	0.301327718	0.2631677	0.374509071	0.1136443	0.4486793	0.4568361	0.07373455	0.2199087
165	10.60640246	0.002644263	0.150496171	0.048141647	2.493062174	0.648780372	0.262602	0.701962401	0.1232023	0.490927	0.4806059	0.05631694	0.2938469
166	10.91341267	0	0.020420096	0	4.397529792	0.152506283	0.2289284	0.264634802	0.07886678	0.4774294	0.3471459	0.07378823	0.1343846
167	8.717156506	0	0	0.007908676	80.08331439	0.472128219	0.08119997	0.263758208	0.04258883	0.3042918	0.2643637	0.01843852	0.03205613
168	4.152296597	0	0.006775906	0.007044436	0.241030545	0.433088535	0.1369885	0.252981395	0.04637984	0.4596193	0.1280286	0.1945591	0.1383576
169	24.68457519	0	0.009744858	0.020262096	4.47823014	0.055853573	0.1589222	0.310488124	0.04816724	0.4878795	0.3147564	0.04072687	0.08849845
170	15.34109926	0	0	0.010206437	0.132137573	0.259179345	0.1376302	0.766634961	0.06228361	0.3836333	0.1672156	0.08878043	0.4267955
171	11.37121968	0.002048703	0.011959011	0	0.23569595	0.336489705	0.1107423	0.092382902	0.04378817	0.4160603	0.1008949	0.2760644	0.3321159
172	3.075016049	0.00443444	0.077656234	0.03027516	2.146432166	0.033719245	0.2473138	0.352663375	0.1125912	0.8788962	0.4129989	0.0794685	0.2067619
173	0.14135342	0.001854196	0	0	0.109260729	0.013159256	0.2660634	0.127077084	0.03538276	0.1615339	0.2180002	0.2076222	0.05281721
174	22.0618233	0	0.004295112	0.002232664	1.994456492	0.196942693	0.1921193	0.113818307	0.06369876	0.2884911	0.3386168	0.03320825	0.1321076
175	6.166161089	0.010567795	0	0.02748544	0.758278265	0.273978896	0.1490181	0.508437457	0.1228565	0.6517103	0.4688689	0.1466128	0.06936104
176	10.30894007	0	0	0.021215686	3.509033441	0.117470731	0.2455556	0.184270741	0.108314	0.2819093	0.3466263	0.04408004	0.1898204
177	2.209990234	0	0.013212499	0.003434028	6.725954238	0.036716936	0.3457993	0.599083209	0.0520454	0.5128828	0.6108977	0.03067816	0.2011067
178	7.04849372	0	0.032482646	0.006331863	1.374064342	0.039492165	0.1914269	0.521746778	0.05298463	0.2537196	0.3100841	0.04914073	0.08924855
179	1.511181017	0	0	0.012029867	1.290455264	0.148721992	0.3979055	0.173108028	0.05722898	0.4647661	0.2711998	0.05103944	0.06998716
180	9.938301272	0.005246893	0	0.007960445	2.164256854	0.053196122	0.1722875	0.309808855	0.3398291	0.438485	0.3273907	0.04519637	0.3281768
181	13.28984623	0.059638805	0.870332503	0.54289433	2.844900699	0.241861469	0.1933423	0.518145567	0.1023076	0.5061914	0.3378541	0.04602153	0.1694232
182	39.86372879	0	0.043438838	0.005645041	1.117133257	0.060357284	0.1171925	0.189787943	0.07265903	0.2892049	0.2152624	0.3090744	0.1218557
183	12.01144808	0.010861371	0.285307645	0.021971439	4.332830229	0.383581305	0.2748291	0.392564888	0.1812373	0.5211732	0.4468529	0.05954988	0.2999039
184	7.872534552	0.0043236	0.113572796	0.01967895	0.691527822	0.043835232	0.2112157	0.360384468	0.1242353	0.4495201	0.4164545	0.178921	0.3136782
185	26.02781178	0.003678772	0.010737154	0.011162668	0.763877789	0.041027339	0.1436673	0.231562171	0.1753578	0.463419	0.4097341	0.04135399	0.1753282
186	24.33185711	0.009685418	0.011307449	0.041144475	1.538239848	0.058917917	0.2485844	0.443608705	0.1492423	0.3854155	0.366591	0.08838199	0.2845772
187	7.108829827	0.005259201	0.010233278	0.06649265	3.625394343	0.124415448	0.3389094	0.61552216	0.1527086	0.441023	0.4135444	0.04826135	0.1788409
188	5.167358883	0.006650363	0.388205409	0.020179502	1.673268377	0.085405418	0.2759339	0.727805486	0.1545845	0.4576451	0.6492565	0.1041759	0.4955276
189	6.423101269	0.002401997	0.007010658	0.003644245	2.224209533	0.155858408	0.2075521	0.599569101	0.1868753	0.3938672	0.3223099	0.03239904	0.1771039
190	3.2006333	0	0.008005006	0.004161123	1.646942541	0.008342082	0.2002491	0.826799637	0.07570262	0.4197605	0.621079	0.01768	0.08752767
191	4.68041346	0.002459586	0	0	0.400294242	0.0199494	0.1105855	0.074353197	0.06148127	0.3270537	0.1516407	0.2498203	0.1486825
192	3.672670167	0.010705788	0.005207792	0.048727599	2.463325172	0.059697904	0.1322093	0.559256226	0.07407661	0.6213555	0.5835304	0.03791363	0.2094492
193	3.250451653	0	0.061483763	0.007990046	0.406383561	0.192218172	0.1388972	0.074446876	0.0478383	0.7155498	0.142204	0.03541435	0.1054653
194	11.51033931	0.016462853	0.013104484	0.029518269	1.255662288	0.036416769	0.2347761	0.232849037	0.1277657	0.4199329	0.3115611	0.09545528	0.2247809
195	0.843242289	0.003594885	0.052461564	0.029997342	0.221920233	0.193169516	0.3076219	0.268407596	0.08550119	0.3534199	0.3012083	0.1159014	0.2648554
196	5.739669851	0.009079475	0.137800354	0.170811668	2.741335902	0.211722163	0.3003791	0.364275165	0.1537638	0.563607	0.5202988	0.07409795	0.2560017
197	7.048874765	0.010193825	0.342153731	0.051552656	0.495802282	0.48058243	0.320165	0.466685177	0.1854198	0.6059459	0.4091757	0.07458673	0.3114214
198	10.83161614	0.014064065	0.018243771	0.045046088	1.254075399	0.064957601	0.2555933	0.456808322	0.1364805	0.5150679	0.5041093	0.06935659	0.190771
199	6.7198705	0.015308063	0.095741387	0.036496398	0.810000672	0.372485382	0.1740993	0.683609835	0.1088879	0.340448	0.3112011	0.07581134	0.2083678
200	12.68910101	0	0	0.007418998	0.864450162	0.109071327	0.1741322	0.297500063	0.1343552	0.35221	0.3453759	0.2078551	0.2738706
201	1.206413941	0.019802491	0.789893767	0.060087611	1.006361866	0.084769314	0.4311426	0.59998483	0.2222523	0.764079	0.6061321	0.1149677	0.4868534
202	8.031186519	0.02633716	0.409971754	0.042621898	1.241559341	0.163773365	0.3872659	0.50263466	0.1841613	0.6628274	0.5562051	0.04917223	0.3120176
203	3.4620471	0.01326678	0.051628622	0.040256003	1.439433238	0.412486623	0.2120363	0.206323668	0.1009759	0.2500918	0.2506627	0.1191693	0.2291293
204	13.36415926	0.005232944	0.117095149	0.007939281	0.36709234	0.09372996	0.1508659	0.573358806	0.09512547	0.3159558	0.2704284	0.09736903	0.1725601
205	0.962720039	0	0.011208377	0.002913142	2.176692562	0.262807649	0.3006527	0.629475381	0.0404992	0.2155479	0.3334317	0.06585543	0.07159476
206	1.491466531	0	0	0	2.310920266	0.56483602	0.1647732	0.616516397	0.1551085	0.7717335	0.4741149	0.1310838	0.1201626
207	3.229811936	0.002275907	0.033213199	0.020717665	2.497011013	0.025381944	0.2931704	0.467675886	0.1762549	0.6811802	0.5507139	0.05835476	0.279274
208	28.50784236	0	0.005632679	0.008783854	3.590306628	0.009783101	0.1206577	0.283887363	0.07581643	0.2484916	0.1923991	0.03130181	0.165411
209	15.63238785	0	0.00534922	0.030586655	0.221137239	0.180241032	0.335429	0.319168266	0.1195206	0.3823076	0.4026841	0.268117	0.2915131
210	18.14571376	0	0.049691085	0.012915087	0.740479715	0.325085175	0.2228336	0.288666834	0.1031158	0.3563542	0.3405198	0.04174932	0.1402719
211	12.73935307	0.009517638	0	0.009626602	1.580139835	0.102928501	0.2469305	0.303099786	0.1241224	0.6543592	0.3924488	0.04767414	0.2146695
212	3.772939026	0.020027615	0.107165976	0.060770714	0.758668845	0.077836549	0.2486578	0.4485212	0.1059868	0.5193925	0.3536517	0.05062526	0.2080551
213	5.007231908	0.001893275	0.055258616	0.022979409	1.418450735	0.280249183	0.2087387	0.166906331	0.06332403	0.2699371	0.2758708	0.04673385	0.1767713
214	10.75416956	0.004172637	0.006089293	0.009495918	1.369889993	0.012691402	0.2146239	0.12970352	0.06227675	0.2205219	0.2648771	0.04437057	0.1066019
215	8.004827552	0.004074739	0.05946426	0.043274585	1.366334108	0.02685288	0.2281903	0.260771586	0.09339425	0.3108102	0.3404428	0.0363733	0.1359679
216	5.333352305	0.009214583	0.134472031	0.022368188	0.863597583	0.263452646	0.2193871	0.19988629	0.1041089	0.3389177	0.4133894	0.04798561	0.2782992
217	7.368179962	0	0	0.003388952	0.532768396	0.153998661	0.07730058	0.108223978	0.04533391	0.6909069	0.4541934	0.4351378	0.8444916
218	4.920634583	0.004535675	0.026476357	0.057345037	0.653327116	0.104233514	0.5585116	0.470117844	0.09557354	0.3223283	0.3036442	0.1929735	0.2057982
219	4.516664411	0	0.130318947	0.007816356	0.790280117	0.212415176	0.360337	0.343090647	0.1001232	0.6127779	0.4939393	0.2721173	0.2435446
220	2.124349807	0	0.059233398	0.018474248	12.61942011	0.080245882	0.2250517	0.178168481	0.07129676	0.4415358	0.324729	0.0371024	0.1127629
221	18.84510879	0.007750607	0	0.005879506	0.989546922	0.01178704	0.1523637	0.168218836	0.04935843	0.2650605	0.2087022	0.03442618	0.1218942
222	15.10375726	0.005397684	0.005251368	0.00272974	0.413989502	0.007296658	0.124986	0.16551771	0.05709909	0.261817	0.2419401	0.03610529	0.07026833
223	26.60846025	0.006181819	0.012028494	0.003126296	0.046256657	0.321731427	0.1320724	0.150254651	0.04082406	0.3002253	0.2156559	0.6136183	0.08894123
224	3.819898051	0.022781024	0.203627108	0.060484821	64.92659021	0.164564389	0.2775333	0.523227927	0.1539229	0.766243	0.5767123	0.05616068	0.391442
225	16.5804338	0.002047363	0.041829155	0.012424814	0.729604934	0.151528877	0.1908907	0.227026799	0.05239126	0.3774252	0.3247062	0.0305391	0.1807464
226	8.00812306	0.006259432	0.006089756	0.031655471	0.468374137	0.21365487	0.2584028	0.250094218	0.1411716	0.6315591	0.4986267	0.191205	0.09229345
227	19.29285589	0	0	0.002757691	1.162879257	0.082927924	0.1517921	0.200114543	0.04288386	0.2082402	0.3362538	0.03025902	0.06259622
228	2.82576429	0	0	0.002707696	0.535843266	0.083233917	0.06272446	0.36315373	0.05022089	0.06996405	0.04852768	0.04994704	0.03401293
229	9.486449603	0	0.064357875	0.030412902	0.348741547	0.544672312	0.2933962	0.578781196	0.3544236	0.5657491	0.5065556	0.07205846	0.505581
230	15.10183392	0.001959123	0	0.005944657	2.050499947	0.202600077	0.1478935	0.26917799	0.05145391	0.47444	0.3119998	0.04587371	0.0557819
231	4.523603015	0	0.007948651	0.159075388	0.725972221	0.035894529	0.2866356	0.378318009	0.14028	0.4860023	0.4109336	0.08246999	0.07704005
232	16.75257818	0.017428949	0.046244998	0.024038846	0.715803197	0.133331988	0.1852996	0.309711747	0.06947788	0.3375712	0.3780595	0.05691149	0.2091327
233	6.969324151	0	0.028335374	0.031913168	2.256509074	1.218871756	0.2879839	0.575873338	0.1361073	0.7465341	0.5254724	0.08697675	0.3556364
234	16.45141367	0.050328473	0.042646249	0.02955755	1.166222138	0.062547998	0.1584392	0.687913852	0.05987629	0.3224727	0.2097286	0.1933329	0.2131526
235	7.314679875	0.001377525	0.004020552	0.006269831	1.117085831	1.210866607	0.2550695	0.564489794	0.1364408	0.8758929	0.3644735	0.04582927	0.2373241
236	14.84994111	0	0.14627137	0.017890367	9.272973342	0.065754364	0.2018918	0.234751858	0.07769198	0.6517835	0.3508164	0.07825444	0.1311686
237	24.01428155	0.011211712	0.02181559	0.034020216	1.090619577	0.056835504	0.170207	0.50178843	0.08366422	0.4260914	0.3095282	0.04530931	0.2057291
238	19.97728473	0.007261091	0.042385581	0.036721106	1.582434738	0.051532082	0.2778347	0.414675826	0.1014367	0.4759196	0.4719862	0.07343095	0.2983824
239	5.725433903	0.001840414	2.01434161	0.106104624	1.291055336	0.113821207	0.3178798	0.591771565	0.1064759	0.7026365	0.5888842	0.05210336	0.1406589
240	46.34717949	0	0.02142832	0.03341629	1.318472515	0.047142429	0.2224342	0.205480259	0.1311439	0.5618701	0.3550111	0.160232	0.1544308
241	4.718841083	0.016398315	0.560662233	0.035541545	2.280971802	0.128254528	0.2567584	0.526971664	0.2280352	0.7913354	0.5236548	0.06434029	0.2474872
242	24.193177	0.005886684	0.246265851	0.035724474	2.406135975	0.200931769	0.2601668	0.366016366	0.1456313	0.6750181	0.4216193	0.04468569	0.2911281
243	9.431144527	0.003492427	0.02548318	0.01324654	0.64188599	0.076127849	0.1698895	0.177798931	0.06403112	0.2993167	0.2542954	0.04249438	0.1865913
244	11.84916975	0	0.043257828	0.004996905	1.26150169	0.287172032	0.2317436	0.251179576	0.0887545	0.432351	0.3104098	0.04180467	0.09830023
245	4.140510209	0	0.007124581	0.007406929	0.431521931	0.049497222	0.1490461	0.087031069	0.04374784	0.248328	0.1994645	0.03320792	0.07490176
246	16.63617789	0.006204295	0.013581256	0.009412989	2.785490331	0.025161132	0.2285405	0.588048879	0.1048342	0.5562471	0.3349915	0.02552734	0.1992823
247	1.791228753	0.046157261	0.0039623	0.004119327	0.739013029	0.022022106	0.2752709	0.750422136	0.1077286	0.4367939	0.3596269	0.04206601	0.3494317
248	1.848343694	0	0	0.011273893	0.399645213	0.003766921	0.09064598	0.776569291	0.06634827	0.3728266	0.1894907	0.04803821	0.0914059
249	19.69969764	0	0.004454699	0	1.220579886	0.020116536	0.1318388	0.149575281	0.03683702	0.2952639	0.1724358	0.04568704	0.09060911
250	6.768124896	0	0.003199034	0.003325812	1.9529699	0.03000365	0.1002708	0.18292167	0.06831004	0.9035146	0.5062972	0.02034626	0.1694876
251	18.89870249	0	0.00815089	0.002118478	0.669998955	0.247744812	0.150716	0.634804731	0.05946621	0.8851024	0.2609444	0.05214332	0.1805099
252	2.222074616	0	0.011285256	0.017598738	1.500863637	0.074482887	0.4409139	0.24125804	0.07413469	0.2108006	0.2079005	0.0326594	0.1158035
253	2.900798438	0.001294931	0.007558977	0.00392927	1.678718965	0.098465885	0.1722583	0.07433932	0.07386159	0.1985865	0.2303933	0.02589038	0.2286002
254	13.829769	0	0.007576504	0.00196919	0.214878934	0.00526369	0.07296614	0.046703107	0.03468014	0.07707328	0.07102475	0.1738637	0.04616249
255	17.59881103	0	0.021587564	0.007481027	0.10723019	0.033744861	0.1110208	0.11957899	0.03980126	0.9226577	0.1889821	0.5902873	0.09396084
256	3.983117705	0.006355352	0	0.01205271	0.530537167	0.008054292	0.05069712	0.156366655	0.03301652	0.05664969	0.2420455	0.1127676	0.0653577
257	11.69329739	0	0	0	24.58765596	0.004479298	0.1900268	0.696528185	0.09360083	0.543578	0.3379028	0.04589536	0.1509324
258	15.67954298	0.002099554	0	0.015926933	5.001772934	0.023415178	0.3183158	0.509379335	0.09210207	0.655517	0.569284	0.03102132	0.1811587
259	14.14755159	0	0.018420976	0.00478775	2.142895504	0.047991618	0.2209493	0.143152375	0.1294564	0.5885713	0.2528203	0.145885	0.3499097
260	5.880161688	0	0.004192882	0.010897617	1.660783008	0.027673098	0.2486995	0.285707032	0.1355153	0.4013586	0.3188474	0.3081848	0.2149499
261	13.51088345	0	0	0	0.255531861	0	0.1084117	0.15331667	0.06726882	0.1257342	0.1960553	0.03058018	0.1771542
262	39.22956172	0	0	0.010897242	1.073223869	0.02184643	0.1086824	0.16075617	0.2868032	0.1535766	0.2185101	0.1814756	0.1277019
263	6.023330331	0	0.009457062	0.004915923	0.422777828	0.049276405	0.1215483	0.904405136	0.05682999	0.6641733	0.1682937	0.04974763	0.1033362
264	6.370699285	0	0.005232308	0	0.337031983	0.159943829	0.1022855	0.187247182	0.04620678	0.8761799	0.108606	0.04420121	0.7670179
265	12.69726678	0.001457572	0.106354639	0	0.364006741	0.031033247	0.2192431	0.24241145	0.07510929	0.364801	0.2991104	0.03779735	0.2274652
266	10.31344659	0.0016452	0.024009049	0.009984212	0.401630978	0.030024028	0.2172661	0.412972204	0.09801773	0.3448657	0.311465	0.09112907	0.1431876
267	2.013229734	0	0.018817094	0.004890705	0.162816369	0.011438843	0.3089096	0.190458753	0.07539569	0.2757337	0.1839092	0.5293679	0.1356946
268	11.15000734	0	0	0.003041344	37.84474926	0.146332452	0.1102494	0.104591879	0.0492266	0.2531883	0.511686	0.03902734	0.2524609
269	6.415502173	0.002790854	0	0	0.790947749	0.007073835	0.1245298	0.138438769	0.05142389	0.1796045	0.2044799	0.03391308	0.07654559
270	23.19099623	0.057904344	0.058095182	0.08510557	1.431856628	0.073383584	0.310538	0.228147334	0.1342316	0.4392176	0.4603997	0.4440165	0.328573
271	22.04028963	0.044093659	0.34318724	0.082825737	0.653986941	0.108568735	0.2425188	0.28507839	0.1282042	0.3898565	0.3326914	0.4704859	0.3323385
272	8.091249331	0.006457604	2.054395932	0.091441488	1.588528951	0.067653393	0.2774514	0.371672506	0.1289116	0.530294	0.5339221	0.117729	0.2525922
273	4.515592646	0.01853012	0.054083464	0.068721643	0.467961371	0.169082441	0.3183311	0.384444073	0.1489163	0.4349763	0.4430897	0.1365537	0.2847696
274	11.7044874	0.001616136	0.047169827	0.269715449	1.120119158	0.047517521	0.3274682	0.564573637	0.1470479	0.5814059	0.4294256	0.05748025	0.2208094
275	3.801401533	0	0.031577296	0.084807496	0.971466683	0.018281641	0.3732492	0.824539564	0.1007953	0.6617759	0.3671329	0.1056712	0.1542421
276	7.262062329	0.001377504	0.068348351	0.150473656	4.719519398	0.842147043	0.3993809	0.597821856	0.2045497	0.7987356	0.701585	0.1286749	0.2747033
277	3.159338689	0.006363211	0.012381444	0.048270459	0.842171888	0.098921487	0.2308672	0.482444274	0.1793113	0.398761	0.4390443	0.1034504	0.2651793
278	6.648493043	0.021235618	0.103299906	0.039377688	3.085301246	0.169847247	0.3269292	0.784801935	0.2007421	0.7437113	0.5352756	0.07377083	0.3983048
279	6.0686186	0.005631902	0.246565662	0.029905994	2.323066607	0.022839828	0.1947048	0.204243727	0.06620559	0.4026455	0.33035	0.04491289	0.218791
280	4.18894956	0.037928923	0.301356353	0.09910483	1.507743429	0.162363857	0.2601453	0.580434484	0.1519783	0.4748237	0.4437626	0.08295547	0.179612
281	0.863942206	0	0.0070491	0	0.535382015	0.190994031	0.32034	0.255199772	0.05844954	0.4391264	0.3277685	0.05112868	0.3293718
282	7.519941081	0.093020301	0.741766828	0.176409868	1.892365416	0.099361808	0.2961897	0.650814953	0.152324	0.7484713	0.5206447	0.09842324	0.2238528
283	6.487199104	0.01490891	0.052217179	0.024881336	1.016579686	0.201036678	0.228371	0.712456267	0.1255725	0.6445072	0.4516349	0.06516657	0.1965618
284	3.797037379	0	0.030481197	0.257474513	1.611750092	0.060882344	0.2166471	0.153477891	0.05628974	0.3685644	0.3471302	0.04408966	0.08753322
285	11.68485085	0.003125616	0.018245334	0.009484199	3.937958694	0.022182544	0.2075803	0.323851333	0.09183255	0.5297213	0.5201413	0.04494718	0.1950651
286	8.395046738	0	0.205951669	0.016220724	0.972006978	0.76744301	0.2649392	0.253691011	0.0733905	0.3881351	0.4115942	0.06564206	0.1205863
287	19.06614613	0	0.027081808	0	0.317643872	0.118533116	0.1327888	0.084035367	0.0811472	0.2015561	0.2042712	0.07933064	0.1233146
288	15.51055889	0.002226402	0.292416826	0.016889186	0.9121068	0.085775832	0.146051	0.122164798	0.05499468	0.2674633	0.244051	0.04024491	0.1619231
289	9.440760553	0.01375985	0.304072952	0.026840666	1.092119351	0.103632687	0.2130644	0.429262089	0.08149943	0.5746858	0.4479624	0.04968688	0.3598325
290	22.38228692	0	0	0.006558001	0.600386316	0.032868157	0.2191862	0.38068194	0.08686711	0.3716139	0.3971442	0.1205144	0.2363938
291	27.65760298	0	0.01747266	0.069632897	2.58691845	0.008092622	0.3320401	0.91521769	0.06976737	0.683103	0.3809809	0.03809131	0.1706993
292	3.388309532	0.124189625	0.012287105	0.344899195	3.957285308	0.187799199	0.3870932	0.501505866	0.2634678	0.8074866	0.7230252	0.08793108	0.5046768
293	10.74375901	0.020793985	0.030345478	0.042815242	0.350088804	0.245456787	0.2420237	0.658839701	0.06514201	0.2875192	0.2531721	0.069375	0.2783277
294	8.550505613	0.00361809	0	0.010978536	1.512707116	0.003668234	0.3122592	0.695974258	0.0469687	0.8295332	0.6802462	0.04707054	0.3764676
295	13.34126984	0	0.109614699	0.004383029	1.35377007	0.46277941	0.1762672	0.481974933	0.07967413	0.5216861	0.2907177	0.04190097	0.1671865
296	11.79985706	0.00119809	0.160854572	0.005453128	0.282395554	0.035226141	0.1119867	0.134133785	0.06083718	0.2220783	0.2046067	0.2382934	0.106201
297	5.593769795	0	0.048298977	0.003586648	4.915425178	0.076697528	0.131728	0.242045772	0.08140364	0.3088187	0.2238751	0.03036609	0.4165666
298	8.465528409	0.024889642	0.018161216	0.051922605	0.750786359	0.044160549	0.2427623	0.438706711	0.3350476	0.4823852	0.4305532	0.07863012	0.3914892
299	10.75139703	0.011057907	0.987598995	0.060396333	1.669338773	0.078478149	0.2787249	0.381373122	0.1324035	0.5465726	0.4502563	0.2287754	0.4534343
300	21.46918898	0.013870979	0.09109109	0.031567013	0.35516425	0.14414804	0.3103855	0.273976547	0.1111323	0.6805097	0.3686015	0.239501	0.3805917
301	16.2450562	0	0.124845255	0.006831205	1.174990555	0.203142102	0.2910572	0.751962446	0.1989599	0.4558483	0.3222542	0.1515476	0.4377398
302	27.69057974	0	0	0	0.65185443	0.021629952	0.1344118	0.171492002	0.07937504	0.416607	0.2268086	0.06975094	0.1391489
303	7.539126141	0.002391856	0.223393925	0.00362886	2.671206387	0.084875222	0.1683634	0.455084672	0.04826445	0.252903	0.2562658	0.03176689	0.1106335
304	10.20888629	0.002231908	0.345253804	0.084654777	2.104286516	0.11993059	0.2773808	0.370298434	0.09536292	0.6940483	0.4947005	0.051605	0.2352956
305	17.46408732	0	0.004427968	0.004603448	0.434217775	0.449136946	0.09693655	0.11730683	0.04159917	0.1573313	0.128687	0.1596227	0.1066614
306	2.086929025	0.00718944	3.3433971	0.272690611	1.264214904	0.041304796	0.2421367	0.340101793	0.1183967	0.4006768	0.4413888	0.05558261	0.193485
307	11.21247407	0	0.031965206	0.013846663	2.545573493	0	0.2786281	0.417798137	0.06478493	0.6924806	0.3296069	0.05480552	0.1451508
308	5.154702452	0	0	0.006442597	4.599412824	0.073190129	0.187619	0.380153227	0.05668994	0.5918823	0.346604	0.02829449	0.2225059
309	11.89291111	0.003943723	0.725159033	0.053849798	0.802294306	0.317871314	0.3167457	0.401064033	0.1855868	0.8041673	0.4220733	0.2315048	0.5076538
310	10.76373871	0	0.005500258	0	0.608112403	0.043944281	0.3963005	0.377940271	0.09911387	0.3490544	0.3314998	0.04413401	0.4395433
311	4.823114621	0.036196732	0.710180077	0.07932413	2.680277224	0.277276791	0.3303284	0.633839965	0.2326043	0.7652385	0.6241413	0.09942615	0.4172852
312	0.474390988	0.001797697	0.078703494	0.032729009	1.336754399	0.051033139	0.3372628	0.418260912	0.113995	0.4975832	0.4674076	0.1004781	0.1811143
313	20.91989038	0.001729649	0.00504829	0.013120886	0.786252959	0.08943468	0.1122703	0.197186391	0.04598201	0.1450149	0.1471615	0.06256084	0.2371375
314	4.753515135	0	0.011588011	0.012047245	0.738998736	0.006708866	0.1045367	0.106413854	0.08677329	0.1233703	0.1014691	0.04824186	0.1313975
315	4.020775753	0	0.097369122	0.005327783	0.941031178	0.065865937	0.2160793	0.241085022	0.1013353	0.6043554	0.2899451	0.03310953	0.2818964
316	1.006568057	0	0.020039274	0.096354625	14.21809228	0.045246691	0.1702272	0.130364161	0.0434803	0.139959	0.211273	0.03578638	0.08152292
317	15.50771344	0.007599081	0.022179276	0.013834946	2.499067384	0.691855178	0.1448571	0.798761512	0.07761715	0.3064727	0.286616	0.0324784	0.3035857
318	15.91899276	0	0.043753817	0.003790649	0.60292895	0.443296435	0.1923595	0.276662144	0.04951628	0.2915466	0.3183921	0.03264035	0.1895637
319	1.675981099	0	0	0.052414097	1.427659271	0.047762749	0.1845714	0.090454086	0.03722206	0.4325681	0.3037753	0.03241833	0.1016208
320	18.17125295	0	0	0.002917308	0.285964594	0.077980298	0.1246754	0.461773789	0.05091142	0.5716628	0.1081489	0.03456913	0.06703671
321	11.39707505	0.004517156	0.085696824	0.044546499	0.507007463	0.013739285	0.1827998	0.155972006	0.09946545	0.5246897	0.5238443	0.06238476	0.5181757
322	18.0912818	0	0.024949468	0.005187644	0.748374329	0.117866856	0.07711317	0.447371678	0.03618446	0.1269842	0.1193149	0.05032883	0.5944989
323	18.64024817	0	0.092951959	0.006902547	1.455353012	0.192194414	0.1738998	0.194809651	0.06447301	0.1768112	0.2533122	0.09360328	0.0981491
324	9.571374717	0.001689623	0.004931466	0.00256345	0.365064623	0.107921526	0.1285099	0.194153677	0.06119683	0.3870315	0.1452196	0.1575284	0.05713132
325	14.15100236	0.009694045	0.012125915	0.018909699	0.804389871	0.025273027	0.1542462	0.367226826	0.1676784	0.3239377	0.24356	0.04320635	0.3458674
326	10.914503	0	1.49436797	0.117422496	1.800028452	0.20371564	0.2842696	0.380336019	0.08514949	0.4193249	0.4371533	0.05185485	0.2191823
327	8.304462469	0	0.338598556	0.021242421	0.252564679	0.669210189	0.1905732	0.162855412	0.04138617	0.4337352	0.4111778	0.03775871	0.1487249
328	12.57128174	0	0.011153098	0.002898774	0.664798788	0.104604604	0.1157281	0.124742491	0.06175528	0.2896245	0.1829551	0.04795316	0.2190311
329	4.192187308	0.001823674	0.015968154	0.002766829	0.061406973	0.452992521	0.1178768	0.113693475	0.07956445	0.1328702	0.1085943	0.6394003	0.08873518
330	17.27472875	0.001774046	0.015533612	0	0.552557104	0.021583603	0.1243736	0.148428842	0.07922929	0.3674004	0.1657465	0.06251503	0.08781097
331	1.10526229	0	0.053451326	0.016207802	1.78144967	0.445616454	0.3237711	0.697216848	0.09163399	0.5834137	0.7897938	0.03822528	0.2239398
